20481
8196
4
5
17
23
25
102426
31
42
43
44
45
46
47
48
28718
49
102444
60
61
102462
70
71
72
73
74
75
76
8269
8272
83
92
8286
96
8289
103
104
105
106
108
115
116
117
119
120
121
123
124
125
102534
139
102540
142
8335
102544
8337
102548
8340
8342
151
161
162
164
165
166
170
171
8364
173
172
175
174
177
180
184
185
186
187
188
190
191
192
193
194
195
196
102594
197
20670
200
206
207
208
222
223
224
225
226
227
228
229
230
231
232
233
234
235
236
237
238
239
240
241
8432
243
244
245
246
247
248
249
8437
253
254
255
256
257
258
260
261
262
263
265
266
267
269
275
278
102679
282
102682
284
286
287
290
292
293
294
295
302
304
102705
102704
307
308
12597
313
315
322
102723
12611
327
329
102732
8526
102734
337
12632
351
360
366
373
374
376
377
378
379
381
383
386
391
102794
395
102796
102795
399
403
404
407
408
409
410
411
418
12711
425
427
440
102845
448
102850
451
455
457
459
465
471
476
12766
480
481
488
489
102891
493
497
102899
20981
20982
102901
20984
20985
20986
501
508
20988
102911
20992
20993
102912
102915
517
518
519
102920
521
21003
524
525
527
534
537
21017
21018
21021
542
543
544
547
548
21027
21030
550
553
554
555
556
557
559
564
565
568
102973
581
8776
588
590
592
102992
601
605
606
607
608
611
612
613
615
616
103017
626
631
632
643
644
647
648
649
650
653
656
657
8850
659
660
8854
664
668
671
673
103078
678
8870
683
103083
103084
103086
8878
8880
8879
8882
8883
8885
103095
695
699
701
702
8895
709
8902
8903
103113
8905
714
8908
8907
8910
8909
715
717
8914
723
8916
8917
8918
727
8920
724
725
8922
8924
8925
734
735
8926
740
741
744
103148
749
103156
757
763
764
765
103164
8962
13059
8964
772
773
8967
8968
8969
8970
8971
777
8975
103189
801
804
8997
8998
103207
9000
9001
9002
811
9006
9009
822
9017
831
834
835
836
103237
839
840
841
842
843
844
25417
25415
25421
852
862
868
885
103290
891
892
893
894
895
103298
103304
915
916
917
918
919
920
921
922
935
936
103337
938
939
941
942
954
955
103356
103354
103358
960
962
964
965
966
973
974
975
982
983
984
985
986
987
103384
989
994
997
1002
9194
9195
1004
9197
1006
1007
103409
1008
9201
1009
1010
1011
1012
1013
1016
1017
1014
1015
1018
1019
1020
1021
1022
1023
1025
103425
9223
1032
1039
1040
1041
1042
1043
1047
1048
1057
1059
1061
103468
1070
1082
1083
1084
1085
1086
1087
1090
1091
1092
1093
1094
1095
1096
1097
1098
103499
1102
1103
1104
1105
1106
1108
1111
1116
1117
1118
1119
1120
1121
1122
1123
1124
1125
1126
1130
1135
1141
1143
1147
1154
1155
1156
1157
9352
9355
1164
1165
1166
9359
1168
1169
1188
1191
1212
1215
1216
1217
9198
1222
1231
103645
103646
1247
1248
1249
1250
1251
1252
1255
1256
1268
1269
1270
1274
103674
1284
1287
1288
1289
1290
1291
1293
1294
1295
1299
1300
1301
1302
1303
1304
1305
1306
1308
1309
1311
1312
1314
1315
1316
1317
1318
1320
1322
1324
1330
1331
1341
1342
1343
1345
1348
1349
1351
1354
1359
1375
1381
1384
1385
1386
1387
1388
1389
1390
1391
1392
1395
1396
1400
1401
1402
1404
1407
1408
1409
1411
1419
1420
1424
1429
1434
1436
1439
1441
1446
8429
1449
1452
8430
1457
1458
8431
1465
1468
1469
1470
1471
1476
1477
1484
1487
1488
1491
1498
1501
1502
1503
1504
1511
1512
1513
1514
1515
1516
1517
1518
1522
1524
1526
1531
1540
1542
1548
1553
1554
1555
1556
1557
1558
1561
1564
1569
1570
1574
1575
1580
1583
1584
20671
1609
1612
1614
1615
1616
1617
1618
1619
1620
1621
1622
1623
1624
1632
1643
1645
1659
1663
1686
1687
1688
1702
1712
1718
1721
1724
1725
1728
1738
1745
1752
1753
1754
1765
1766
1769
1770
1771
1772
1774
1775
1776
1780
9991
9992
1834
1842
1845
10045
1874
10070
10086
10087
6016
6020
1926
1928
1929
1932
1951
1952
1954
1959
1960
1965
1967
1969
1974
1975
1977
2003
2013
2014
6111
6112
6113
2021
2027
2028
2031
2032
2039
2040
2042
2045
2046
2052
2053
2061
2062
2066
2067
2068
2069
2074
2075
2082
2087
2090
2095
2099
2100
2114
2152
2153
2166
2233
2273
2288
2295
2302
6406
2310
2316
2330
2331
2350
22832
2362
22854
2377
2406
2407
2427
2434
2436
2439
2440
2454
22935
2456
22936
2458
2459
22937
2467
2470
2488
2498
2502
22989
22993
22996
2516
23004
23005
23006
2538
23018
23039
23041
23046
23047
23049
23052
23053
23055
23056
23057
23058
2576
23063
23066
23068
23092
2626
2627
23116
23117
23121
2660
6757
6758
6756
2670
2677
6774
2684
2687
10885
10887
10888
10893
10895
2707
101014
101016
23193
2714
101019
101031
101032
2729
101050
6849
101058
6850
6851
6852
2760
101067
101068
2771
2773
101085
101093
101103
2801
2804
6929
6939
6940
6943
6944
6993
11093
7002
7004
7005
7007
7008
7013
7014
7019
23404
7022
23422
23424
23428
23430
7078
7079
7080
23496
23501
23536
23539
7157
7190
7192
7197
23626
102393
23689
23695
7393
101636
7435
7455
7468
7469
7472
7478
23895
23896
23905
3453
23958
3534
7633
7642
7646
3569
7728
7730
7731
7736
7738
3642
7741
7744
3649
24130
7745
7748
7749
7753
20092
20095
20096
20098
20100
7823
7827
7828
20119
20121
20124
20126
20129
20139
20141
20144
20150
7882
7883
7885
7887
20181
7893
7900
7909
7910
7911
7916
7917
3844
7945
8906
3852
7949
102159
770
102180
102184
102190
28471
102204
7996
102206
102211
8919
102247
8062
102272
13002
102285
13003
28560
12177
102299
102318
102331
102333
102334
102343
102372
102376
102381
8179
20473
102398
